44 39
0 7 3 2 0 0 4 0 0 0 0 0 0 0 X 0 0 0 0 0 7 0 X 0 0 0 0 0 4 0 0 0 0 2 3 0 0 X 0 
4 0 0 6 0 3 7 X 0 X 0 X 4 5 0 5 0 0 8 4 X S X 0 0 6 6 0 4 6 X 8 X 0 0 0 4 7 7 
0 6 0 X 0 3 X 0 4 0 4 0 0 0 X 0 0 6 0 0 0 8 8 6 0 0 5 4 0 5 0 0 0 0 0 0 6 0 0 
3 X X 4 6 X 4 0 0 3 X 0 7 2 7 0 0 0 0 2 3 X 0 0 0 0 3 0 0 0 7 8 0 0 0 0 0 0 6 
0 0 0 0 5 0 8 X 8 0 0 0 0 6 0 X 5 0 0 7 4 0 0 0 2 0 0 X 0 0 0 0 5 0 3 4 0 0 6 
0 0 8 0 X 0 7 3 0 2 2 6 0 0 4 X 0 0 X 2 7 0 3 X 0 0 X 0 7 X 0 2 7 4 0 6 0 7 0 
0 0 X 0 6 0 0 2 0 0 X 0 6 0 X X 0 4 X 0 0 0 0 0 0 0 0 0 0 2 5 0 8 0 0 0 0 0 5 
4 0 0 2 0 0 4 5 3 0 0 0 0 0 0 7 0 0 0 2 0 7 0 0 0 0 0 X X 0 0 0 2 7 0 4 0 0 4 
6 X 0 0 X 2 0 0 0 0 0 6 7 0 0 2 3 X 2 0 0 0 3 0 0 3 0 0 0 5 0 0 7 8 8 5 X 0 6 
0 X 0 0 2 0 0 X 0 8 3 0 0 0 0 2 0 2 0 0 3 6 3 0 3 4 0 4 0 0 4 0 0 0 7 5 0 5 0 
X 0 0 0 0 7 0 X 0 X 6 0 0 4 0 0 8 0 0 0 5 0 3 6 2 0 7 2 0 6 0 2 0 5 0 0 2 2 0 
4 0 0 4 5 0 0 0 3 3 0 0 0 5 0 3 0 0 0 8 6 0 7 6 2 X X 0 3 0 0 8 X X 4 0 0 6 0 
0 7 4 7 0 0 0 6 0 2 2 0 8 0 7 X 0 0 0 0 0 8 6 4 0 5 8 8 7 0 0 0 0 0 X 0 0 0 0 
0 0 0 7 0 0 X 0 0 8 7 0 7 7 6 8 5 0 0 0 0 0 5 X 0 5 3 0 5 0 4 3 0 0 7 0 X 8 0 
0 0 0 X 0 0 2 6 2 0 0 3 8 7 0 2 0 6 6 5 0 X 5 3 0 4 2 0 0 0 X 0 0 X 0 0 X 0 0 
0 2 0 0 7 2 X 3 2 0 X 0 4 0 0 7 0 0 0 8 7 0 0 5 0 0 3 7 0 0 3 7 4 X 4 6 0 0 0 
0 0 0 0 0 4 2 X X X X 7 8 3 3 0 8 4 0 0 7 4 0 0 0 0 7 8 0 0 0 3 0 8 0 0 2 0 0 
0 0 6 0 0 0 0 0 0 7 0 0 5 0 0 0 0 2 0 7 2 0 0 8 X 5 6 3 X 0 3 0 3 6 7 0 0 0 0 
6 8 4 0 0 0 0 0 0 7 3 X 4 2 6 3 8 0 X 0 0 0 0 8 0 0 0 0 0 7 X 0 0 4 0 0 0 3 7 
6 7 8 2 0 0 6 X 0 0 X 3 0 6 3 6 3 0 2 5 7 3 3 0 3 0 2 3 7 5 7 0 4 0 0 4 0 7 0 
0 X 0 0 0 X 8 0 7 X 5 0 X X 0 0 X 0 7 0 0 0 6 X 0 4 0 X 5 4 0 0 0 0 0 0 0 0 X 
6 0 0 0 0 0 0 0 5 7 0 0 0 X 4 0 0 3 0 0 X 0 0 0 2 0 0 0 0 0 3 0 0 0 0 5 0 0 3 
8 X 0 0 X 0 4 7 0 0 0 0 X 2 0 0 5 2 8 0 0 0 0 7 6 3 0 0 7 0 0 5 2 0 0 0 0 0 0 
X 7 0 0 X 5 0 0 6 0 0 7 7 0 0 0 0 0 0 0 0 0 X 0 0 0 0 0 0 0 0 4 8 8 0 5 4 0 2 
0 6 2 7 3 6 0 0 X 0 0 5 2 3 0 0 0 0 8 0 0 0 7 0 0 0 0 0 7 X 0 0 0 0 X 5 4 0 5 
0 4 0 X 0 0 0 0 3 0 0 5 8 0 7 0 0 0 0 X 4 3 0 2 0 0 0 0 0 0 0 0 5 0 0 0 2 8 7 
0 X 0 0 0 3 X 8 X 0 0 0 3 0 X 0 0 8 0 0 X 0 0 4 7 4 0 0 5 7 0 0 0 0 0 X 0 2 3 
0 0 0 0 X 8 0 0 X 0 0 0 2 5 0 5 6 X X 0 0 8 7 5 4 2 0 8 0 0 0 5 7 5 3 0 2 8 8 
0 8 0 0 3 2 X 3 X 6 0 2 0 8 5 7 X 0 8 4 0 X 0 0 7 3 0 0 X 7 0 4 4 3 0 0 5 0 X 
0 0 X 0 0 2 4 7 6 0 6 0 2 2 0 0 5 X X 0 0 0 8 0 0 X 0 7 0 4 3 8 0 X 0 0 0 0 8 
X 0 0 0 0 X 6 2 2 0 2 0 0 0 0 6 0 6 0 0 X 8 0 7 0 6 6 0 0 7 2 0 4 2 0 0 0 5 0 
5 0 0 0 0 0 0 0 0 7 X 0 0 4 5 0 0 0 4 0 X 0 0 0 0 6 0 3 0 0 0 6 4 5 0 6 0 6 2 
0 6 0 0 5 0 0 0 6 0 0 7 0 0 5 0 7 0 4 0 0 8 5 0 0 0 4 0 0 0 0 6 8 0 0 5 0 2 0 
X 0 0 4 0 7 0 0 0 0 6 0 0 X X 0 3 X 2 0 5 X 0 0 3 0 8 0 0 0 8 X 0 X X 0 0 0 7 
0 0 0 5 0 4 0 0 0 0 2 X 0 2 7 8 0 0 X 0 0 0 0 0 0 0 X 0 X 0 0 0 4 0 0 X 0 0 X 
0 0 4 6 0 X 0 7 0 3 0 0 2 X 0 2 0 2 0 0 0 P 0 0 0 0 4 0 6 0 0 0 3 7 4 6 2 2 0 
8 6 0 8 3 8 0 3 0 0 0 0 0 0 7 0 5 3 X X 0 X 4 0 6 0 0 7 0 8 0 X 0 6 0 0 0 X 0 
0 0 X 0 4 8 0 0 8 6 0 0 5 3 8 0 2 2 8 0 0 X 0 8 0 6 5 6 0 0 0 8 X 0 0 4 0 0 X 
0 5 2 2 5 0 0 0 0 0 0 0 4 0 8 0 0 0 6 8 0 7 8 X 0 0 0 0 0 0 4 6 X 0 8 5 7 5 0 
0 0 4 X 0 0 0 0 6 0 4 0 6 X 0 8 0 0 0 7 0 7 0 0 0 0 0 0 4 0 0 X 0 X X 0 5 5 0 
2 X X 0 0 2 7 8 6 0 X 0 0 4 0 5 5 0 0 4 4 8 7 0 4 0 0 X 3 0 0 8 0 3 0 0 0 0 8 
0 X 8 0 X 0 0 0 0 7 0 0 0 0 0 X X 6 X 7 0 0 0 8 0 0 0 0 X 4 X 2 0 3 0 0 5 5 0 
X 0 0 4 0 2 7 0 0 0 X 8 0 0 2 0 0 0 0 0 3 4 0 0 0 5 3 X X 5 X 0 0 0 0 X X 0 0 
6 0 0 0 0 0 6 7 0 6 2 0 0 X 5 6 0 X 0 0 0 0 0 3 0 0 0 6 7 0 7 8 5 0 0 2 4 0 0 